0000000000000000000000000000000000000000000000000000
0000000000000000000000000000000000000000000000000000
0000000000000000000000000000000000000000000000000000
0000000000000000000000000000000000000000000000000000
0000000000000000000000000000000000000000000000000000
0000000000000000000000000000000000000000000000000000
0000010000000000000000000000000000000000000000000000
0001101000000011000000000000000000000000000000000000
0110000100001100000000000000000000000000000000000000
1000000010010000000000000000000000000000000000000000
0000000000000000000000010000000000000000000000000000
0000000000000000000000000000000000000000000000000000
0000000000000000000000000000000000000000000000000000
0000000000000000000000000000000000000000000000000000
0000000000000000000000000000000000000000000000000000
0000000000000000000000000000000000000000000000000000
0000010000000000000000000000000000000000000000000000
0000000000000000100000000000000000000000000000000000
0000000000000000000000000000000000000000000000000000
0000000000000000000000000000000000000000000000000000
0000000000000000000000000000000000000000000000000000
0000000000000000000000000000000000000000000000000000
0000000000000000000000000000000000000000000000000000
0000000000000000000000001000000000100000000000000000
0000000000000000000000100100000001000000000000000000
0000000000000000000011000010001100000000000000000000
0000000000000000001100000001011000000000000000000000
0000000000000000010000000000000000000000000000000000
0000000000000000010000000000000000000000000000000000
0000000000000000000000000000000000000000000000000000
0000000000000000000000000000000000000000000000000000
0000000000000000000000000000000000000000000000000000
0000000000000000000000000000000000000000000000000000
0000000000000000000000000000000000000000000000000000
0000000000000000000000000000000000010000000000000000
0000000000000000000000000000000000000000000001000000
0000000000000000000000000000000000000000000000000000
0000000000000000000000000000000000000000000000000000
0000000000000000000000000000000000000000000000000000
0000000000000000000000000000000000000000000000000000
0000000000000000000000000000000000000000000000000000
0000000000000000000000000000100000000000000000000000
0000000000000000000000000000000000000000010000000000
0000000000000000000000000000000000000001101000000110
0000000000000000000000000000000000000110000100011000
0000000000000000000000000000000000001000000010100000
0000000000000000000000000000000000000000000000000000
0000000000000000000000000000000000000000000000000000
0000000000000000000000000000000000000000000000000000
0000000000000000000000000000000000000000000000000000
0000000000000000000000000000000000000000000000000000
0000000001100000000000000000000000000000000000000000